### C_NUM 45
### IN_CNUM 24
### EX_CNUM 21
### E_NUM 111
### IN_E_NUM 90
### EX_E_NUM 21
### V_NUM 88
### IN_V_NUM 67
### EX_V_NUM 21
V[0] 202 24 Ext
V[1] 250 24 Ext
V[2] 187 26 Ext
V[3] 308 34 Ext
V[4] 208 36
V[5] 237 45
V[6] 114 46 Ext
V[7] 114 56
V[8] 244 60
V[9] 278 60
V[10] 194 64
V[11] 178 65
V[12] 159 71
V[13] 167 71
V[14] 66 75 Ext
V[15] 280 75
V[16] 236 78
V[17] 343 86 Ext
V[18] 212 87
V[19] 80 88
V[20] 256 93
V[21] 350 94 Ext
V[22] 129 97
V[23] 81 98
V[24] 309 102
V[25] 134 105
V[26] 94 111
V[27] 164 113
V[28] 308 113
V[29] 46 117 Ext
V[30] 55 118
V[31] 248 124
V[32] 264 126
V[33] 294 129
V[34] 340 133
V[35] 84 134
V[36] 295 135
V[37] 166 136
V[38] 341 136
V[39] 81 140
V[40] 207 142
V[41] 126 143
V[42] 368 146 Ext
V[43] 213 147
V[44] 128 149
V[45] 191 150
V[46] 83 151
V[47] 132 152
V[48] 88 158
V[49] 47 169 Ext
V[50] 60 172
V[51] 172 174
V[52] 334 179
V[53] 338 179
V[54] 227 181
V[55] 173 183
V[56] 259 184
V[57] 29 189 Ext
V[58] 351 189 Ext
V[59] 246 192
V[60] 110 195
V[61] 277 196
V[62] 156 200
V[63] 61 201
V[64] 282 202
V[65] 315 203
V[66] 205 207
V[67] 105 217
V[68] 68 221
V[69] 203 222
V[70] 318 225
V[71] 158 226
V[72] 93 228
V[73] 251 232
V[74] 169 233
V[75] 263 233
V[76] 128 238
V[77] 47 243 Ext
V[78] 347 248 Ext
V[79] 231 249
V[80] 127 253 Ext
V[81] 304 257
V[82] 93 258 Ext
V[83] 280 260
V[84] 230 270 Ext
V[85] 268 277 Ext
V[86] 322 277 Ext
V[87] 166 279 Ext

E[0] 0 4 Ext
E[1] 1 5 Ext
E[2] 2 11 Ext
E[3] 3 9 Ext
E[4] 4 5
E[5] 4 10
E[6] 5 8
E[7] 6 7 Ext
E[8] 7 12
E[9] 7 19
E[10] 8 9
E[11] 8 16
E[12] 9 15
E[13] 10 18
E[14] 10 11
E[15] 11 13
E[16] 12 13
E[17] 12 22
E[18] 13 27
E[19] 14 19 Ext
E[20] 15 24
E[21] 15 20
E[22] 16 20
E[23] 16 18
E[24] 17 24 Ext
E[25] 18 40
E[26] 19 23
E[27] 20 31
E[28] 21 34 Ext
E[29] 22 25
E[30] 22 26
E[31] 23 26
E[32] 23 30
E[33] 24 28
E[34] 25 27
E[35] 25 41
E[36] 26 35
E[37] 27 37
E[38] 28 34
E[39] 28 33
E[40] 29 30 Ext
E[41] 30 39
E[42] 31 32
E[43] 31 43
E[44] 32 56
E[45] 32 33
E[46] 33 36
E[47] 34 38
E[48] 35 41
E[49] 35 39
E[50] 36 52
E[51] 36 61
E[52] 37 45
E[53] 37 47
E[54] 38 42 Ext
E[55] 38 53
E[56] 39 46
E[57] 40 43
E[58] 40 45
E[59] 41 44
E[60] 43 54
E[61] 44 48
E[62] 44 47
E[63] 45 51
E[64] 46 48
E[65] 46 50
E[66] 47 51
E[67] 48 60
E[68] 49 50 Ext
E[69] 50 63
E[70] 51 55
E[71] 52 53
E[72] 52 65
E[73] 53 58 Ext
E[74] 54 59
E[75] 54 66
E[76] 55 66
E[77] 55 62
E[78] 56 61
E[79] 56 59
E[80] 57 63 Ext
E[81] 59 73
E[82] 60 62
E[83] 60 67
E[84] 61 64
E[85] 62 71
E[86] 63 68
E[87] 64 65
E[88] 64 75
E[89] 65 70
E[90] 66 69
E[91] 67 76
E[92] 67 72
E[93] 68 72
E[94] 68 77 Ext
E[95] 69 79
E[96] 69 74
E[97] 70 78 Ext
E[98] 70 81
E[99] 71 74
E[100] 71 76
E[101] 72 82 Ext
E[102] 73 75
E[103] 73 79
E[104] 74 87 Ext
E[105] 75 83
E[106] 76 80 Ext
E[107] 79 84 Ext
E[108] 81 86 Ext
E[109] 81 83
E[110] 83 85 Ext

C[0] 6 : 6 2 11 13 12 7  Ext
C[1] 4 : 6 7 19 14  Ext
C[2] 6 : 23 19 7 12 22 26
C[3] 5 : 12 13 27 25 22
C[4] 5 : 35 26 22 25 41
C[5] 5 : 39 30 23 26 35
C[6] 6 : 41 44 48 46 39 35
C[7] 6 : 44 41 25 27 37 47
C[8] 7 : 55 62 60 48 44 47 51
C[9] 8 : 68 63 50 46 48 60 67 72
C[10] 5 : 60 62 71 76 67
C[11] 5 : 67 76 80 82 72  Ext
C[12] 5 : 80 76 71 74 87  Ext
C[13] 6 : 66 69 74 71 62 55
C[14] 5 : 87 74 69 79 84  Ext
C[15] 4 : 77 68 72 82  Ext
C[16] 4 : 63 68 77 57  Ext
C[17] 4 : 49 50 63 57  Ext
C[18] 6 : 29 30 39 46 50 49  Ext
C[19] 5 : 14 19 23 30 29  Ext
C[20] 6 : 84 79 73 75 83 85  Ext
C[21] 4 : 83 81 86 85  Ext
C[22] 4 : 86 81 70 78  Ext
C[23] 6 : 70 65 52 53 58 78  Ext
C[24] 4 : 58 53 38 42  Ext
C[25] 7 : 28 34 38 53 52 36 33
C[26] 5 : 61 36 52 65 64
C[27] 6 : 70 81 83 75 64 65
C[28] 6 : 64 75 73 59 56 61
C[29] 5 : 56 32 33 36 61
C[30] 6 : 54 43 31 32 56 59
C[31] 6 : 59 73 79 69 66 54
C[32] 7 : 55 51 45 40 43 54 66
C[33] 4 : 47 37 45 51
C[34] 8 : 27 13 11 10 18 40 45 37
C[35] 5 : 2 0 4 10 11  Ext
C[36] 6 : 10 4 5 8 16 18
C[37] 6 : 18 16 20 31 43 40
C[38] 7 : 20 15 24 28 33 32 31
C[39] 5 : 21 34 28 24 17  Ext
C[40] 4 : 42 38 34 21  Ext
C[41] 5 : 3 17 24 15 9  Ext
C[42] 5 : 3 9 8 5 1  Ext
C[43] 4 : 1 5 4 0  Ext
C[44] 5 : 16 8 9 15 20
